parity 23;
0 3 0 11;
1 0 0 0,2,3;
2 2 1 1,4;
3 4 1 1,7;
4 3 0 2,5;
5 2 0 6,10;
6 2 0 2;
7 2 0 8;
8 0 1 9;
9 1 0 8,10;
10 5 0 11;
11 1 0 11,12,13,14,15,16 "x1";
12 3 0 11,12,13,14,15,16 "x3";
13 5 0 11,12,13,14,15,16 "x5";
14 1 0 11,12,13,14,15,16 "x7";
15 3 0 11,12,13,14,15,16 "x9";
16 3 0 11,12,13,14,15,16 "x11";
17 2 1 17,18,19,20,21,22 "x2";
18 4 1 17,18,19,20,21,22 "x4";
19 6 1 17,18,19,20,21,22 "x6";
20 5 1 17,18,19,20,21,22 "x8";
21 6 1 17,18,19,20,21,22 "x10";
22 0 1 17,18,19,20,21,22 "x12";
